1.1332e+02
1.0715e+02
8.4546e+01
9.9916e+01
1.0621e+02
9.2799e+01
1.0266e+02
1.0109e+02
1.0004e+02
9.8254e+01
1.0433e+02
1.1203e+02
9.0349e+01
1.1028e+02
1.0229e+02
1.0445e+02
8.8634e+01
1.0135e+02
1.1485e+02
8.9202e+01
8.0223e+01
8.2566e+01
1.0266e+02
1.2385e+02
1.1124e+02
1.1673e+02
1.0099e+02
1.1398e+02
9.7288e+01
1.0613e+02
9.7327e+01
9.4507e+01
1.0133e+02
9.5239e+01
1.1308e+02
1.0195e+02
1.0400e+02
9.6624e+01
1.1256e+02
9.2680e+01
1.0660e+02
9.6491e+01
9.0606e+01
9.5107e+01
9.1954e+01
9.7873e+01
9.6609e+01
1.0312e+02
1.0565e+02
9.8526e+01
9.9741e+01
1.0289e+02
9.4601e+01
1.0708e+02
1.0842e+02
1.0204e+02
1.2395e+02
1.0917e+02
9.8877e+01
9.6378e+01
9.7678e+01
9.4983e+01
1.1129e+02
9.3022e+01
9.9189e+01
9.4707e+01
1.1046e+02
8.5814e+01
9.6375e+01
9.8781e+01
1.0319e+02
1.0461e+02
9.7842e+01
1.0989e+02
1.0315e+02
1.2468e+02
8.4917e+01
1.0621e+02
8.9549e+01
9.2020e+01
1.1985e+02
1.1745e+02
8.1438e+01
9.7772e+01
9.9342e+01
7.8683e+01
9.9512e+01
1.0393e+02
1.0217e+02
8.0056e+01
1.1108e+02
1.0245e+02
9.9381e+01
9.2461e+01
1.0712e+02
1.0918e+02
9.5179e+01
1.0090e+02
1.0827e+02
8.0455e+01
