9.2350e+01
5.1851e+01
7.1542e+01
9.9395e+01
8.7113e+01
8.1997e+01
8.4080e+01
1.0696e+02
1.0414e+02
7.4255e+01
9.5859e+01
8.0584e+01
1.3809e+02
7.5213e+01
8.3743e+01
8.3022e+01
8.1219e+01
9.2822e+01
9.5461e+01
5.7629e+01
7.8538e+01
6.3591e+01
1.1472e+02
1.3931e+02
1.1766e+02
9.6925e+01
1.1045e+02
9.3336e+01
1.2313e+02
1.0336e+02
8.5401e+01
6.7409e+01
7.7201e+01
9.6277e+01
6.5483e+01
8.5564e+01
1.1680e+02
9.0586e+01
1.2971e+02
1.1894e+02
8.4247e+01
6.2814e+01
8.9039e+01
8.0384e+01
9.7555e+01
1.2229e+02
6.7538e+01
8.2225e+01
9.6647e+01
1.1270e+02
1.0021e+02
9.8286e+01
1.1689e+02
9.9870e+01
8.5260e+01
9.1146e+01
7.5859e+01
1.0093e+02
1.0885e+02
3.0408e+01
1.1436e+02
8.8870e+01
9.9218e+01
1.0325e+02
4.4098e+01
6.6081e+01
8.3338e+01
7.4172e+01
9.5483e+01
7.9702e+01
5.5779e+01
1.0225e+02
1.1200e+02
1.0129e+02
7.5744e+01
8.4783e+01
1.0097e+02
1.0206e+02
1.1014e+02
8.4111e+01
6.1582e+01
7.6421e+01
1.0068e+02
1.0488e+02
1.3450e+02
9.2344e+01
9.4892e+01
8.6454e+01
8.1885e+01
1.0564e+02
9.7070e+01
8.5854e+01
6.8406e+01
8.7539e+01
8.2180e+01
1.1510e+02
1.0894e+02
6.9554e+01
1.1334e+02
7.8560e+01
