8.3994e+01
1.1608e+02
4.9257e+01
8.4812e+01
4.6086e+01
2.1761e+01
1.0960e+02
8.0847e+01
5.5329e+01
3.2403e+01
6.7956e+01
1.2027e+02
9.2074e+01
6.8817e+01
5.9839e+01
8.3174e+01
3.3581e+01
1.2034e+02
9.5096e+01
1.1583e+02
6.3095e+01
1.0564e+02
1.0064e+02
3.4008e+01
8.4469e+01
8.9453e+01
6.2752e+01
6.9195e+01
9.3086e+01
7.8862e+01
4.9859e+01
9.7744e+01
8.6835e+01
8.7475e+01
8.2873e+01
9.3471e+01
7.1420e+01
5.4117e+01
5.7745e+01
1.1317e+02
1.9468e+01
9.6216e+01
3.6731e+01
3.1734e+01
4.9803e+01
7.2274e+01
1.0192e+02
2.9048e+01
1.3022e+02
1.1491e+02
7.6023e+01
7.1293e+01
5.1394e+01
9.7641e+01
8.2064e+01
1.2236e+02
5.9414e+01
9.6438e+01
7.8909e+01
5.4590e+01
1.3707e+02
8.8388e+01
9.8608e+01
4.7943e+01
5.8321e+01
8.2524e+01
6.2466e+01
9.8061e+01
9.3151e+01
5.6530e+01
8.5788e+01
8.0121e+01
7.5078e+01
4.5536e+01
5.4935e+01
8.6314e+01
1.1042e+02
5.0894e+01
1.1652e+02
8.5479e+01
4.1905e+01
8.9702e+01
1.0657e+02
8.7932e+01
1.4957e+02
8.9260e+01
1.0678e+02
8.0331e+01
1.0940e+02
8.1328e+00
5.4274e+01
6.9072e+01
9.5118e+01
8.5650e+01
1.1256e+02
9.0708e+01
8.6220e+01
7.5648e+01
8.4917e+01
1.0489e+02
