1.0021e+02
1.0518e+02
6.0402e+01
4.2198e+01
5.1144e+01
8.3979e+01
1.3446e+02
7.9574e+01
8.9400e+01
3.6558e+00
1.7720e+02
2.5859e+01
1.4271e+02
4.7758e+01
1.0831e+02
1.0261e+02
7.2573e+01
6.3344e+01
3.2372e+01
6.7856e+01
1.1405e+02
8.4885e+01
3.4662e+01
1.1632e+02
2.1854e+01
7.8394e+01
3.4353e+01
3.8692e+01
1.1319e+02
5.1486e+01
9.3970e+00
4.8451e+01
1.0026e+02
4.0824e+01
1.1859e+02
1.1033e+02
7.2931e+01
1.1695e+02
1.4452e+02
-9.3455e+00
1.1627e+02
9.4371e+01
5.7072e+01
9.6566e+01
8.5869e+01
4.6955e+01
1.2953e+02
7.5610e+01
1.1753e+02
6.0170e+01
4.5765e+00
7.9792e+01
6.0597e+01
1.9567e+01
2.3213e+00
9.4658e+01
1.2079e+02
1.2589e+02
9.1369e+01
7.0164e+01
7.7577e+01
7.1791e+01
1.0179e+02
5.0274e+01
1.9536e+01
6.1230e+01
7.7891e+01
5.9789e+01
7.1032e+01
1.5804e+02
1.0537e+02
1.4527e+01
9.6146e+01
-1.7064e+01
9.4758e+01
8.9089e+01
7.1044e+01
3.1212e+01
3.0651e+01
8.6501e+01
4.5428e+01
1.0348e+02
4.5055e+01
5.5473e+01
1.0038e+02
6.8643e+01
6.3344e+01
8.0783e+01
8.5012e+01
6.6643e+01
7.9045e+01
6.5365e+01
8.6464e+01
8.1512e+01
9.0171e+01
1.0217e+02
2.8776e+01
1.5692e+01
5.9340e+01
6.3148e+01
